1341
1075
366
446
838
1548
390
794
255
302
699
1862
1092
1125
447
246
1555
357
85
599
1507
184
396
1426
175
1843
102
23
1348
1760
1065
843
1695
1967
1616
1031
1566
1194
1157
1383
104
720
158
1161
1830
540
1130
416
965
1839
1726
1063
1212
1942
1925
1290
439
163
771
69
789
135
1467
1621
741
1692
356
1669
155
444
1061
1197
1270
365
1004
1979
1177
849
1048
1921
1654
1745
1060
779
16
1250
502
590
909
1600
32
713
1446
261
269
75
386
1360
2
1181
929
1364
111
1113
200
1400
969
1243
1418
291
1003
616
1868
1729
405
95
1936
340
1659
1480
487
403
1675
1189
682
1429
527
1452
815
1963
839
1687
578
1549
14
1273
215
165
910
1810
117
414
238
1435
250
669
1541
866
476
1099
700
952
1118
1628
369
1685
889
975
452
373
711
1773
1776
748
172
1788
1237
664
1985
1006
871
268
1473
915
609
292
1780
1589
1450
893
415
1759
1816
939
561
1146
1531
1056
1772
1085
1191
1324
1496
968
643
1479
729
632
762
1764
1721
543
971
24
1599
1331
1505
12
673
1458
1455
672
1858
1683
1991
239
1627
1305
1576
1871
441
1007
1314
1851
1530
863
804
383
787
1353
949
991
1569
1261
870
737
1855
254
198
692
304
1694
1691
1988
169
484
232
1433
1806
1239
1404
1880
100
178
489
1463
1953
1225
790
1000
877
1954
387
147
825
756
577
1020
1787
13
1524
334
1710
734
1663
796
800
1976
1088
1593
1138
1739
1306
1489
1867
359
1133
782
907
1938
391
1011
1666
1332
203
1068
196
900
245
1222
1885
1286
308
1255
1266
88
855
1227
1076
892
1466
265
535
1840
1336
1277
406
1983
212
1519
1537
28
1067
1750
1656
1965
882
1700
565
1766
615
479
966
1390
318
125
894
1769
972
1879
1943
1267
1377
1218
1686
483
300
1601
795
0
330
19
1083
50
742
1546
1927
1551
1319
1649
141
216
1356
732
1249
1803
1553
1459
287
733
1682
329
374
1278
1791
984
1051
1399
1612
1370
424
1603
1798
973
1129
1413
1636
1785
1525
1585
1235
597
1884
722
1765
1037
296
1392
79
67
1538
1509
1445
316
1151
1213
350
1752
981
1307
1909
486
679
1462
1896
633
986
53
1789
1406
1944
242
706
1365
942
1624
591
1966
859
471
1730
110
950
1343
1852
260
948
1245
1069
1491
1873
1838
112
974
1996
1019
214
689
243
270
1542
317
740
1703
46
207
542
1326
310
64
431
867
1718
1040
1408
1933
582
164
1625
1660
1517
1674
1915
1823
1342
123
874
1717
368
1972
1158
1908
473
1414
1162
1374
887
987
788
830
1391
1875
1670
1481
371
1091
39
1193
1540
293
1401
73
394
1926
1514
1981
1815
1283
168
998
1831
1120
1916
349
1375
229
86
856
312
1857
1150
845
1226
709
515
881
1468
661
665
1143
90
230
569
702
1434
618
1021
1506
763
322
1436
1195
1182
847
1677
1475
642
1724
1313
180
935
1918
1598
663
510
919
1371
1269
313
614
841
574
1271
1608
1086
1736
1403
1886
199
924
1545
667
716
1917
1795
281
1648
1825
103
869
1465
768
831
1706
1629
749
1910
1223
1074
962
757
1494
295
989
426
263
878
807
1771
395
850
108
1550
118
402
509
1043
1583
1573
126
1901
1863
219
622
636
1490
285
271
121
1984
566
639
1741
355
432
1309
223
1084
1959
626
1821
91
1802
191
1848
792
840
159
259
105
26
1565
1358
211
1952
1428
964
1716
1928
1890
1562
1893
343
1620
280
1779
721
1813
1035
1397
294
1748
130
979
922
176
686
1869
1152
1119
1557
495
918
467
1653
1260
1424
1581
381
278
812
1999
392
1973
687
1945
1956
685
674
288
1638
430
377
1640
579
677
988
9
651
1296
1492
1502
143
600
1754
1533
134
725
760
1449
890
645
617
418
1384
555
1658
1679
1883
1678
585
660
556
1417
524
932
122
1389
5
1064
1939
1320
1861
194
6
469
360
955
1709
1498
1190
1312
630
413
78
769
526
1922
809
1543
1310
1337
262
1584
743
1303
193
557
1499
691
463
913
1792
505
811
1529
225
1430
1246
498
376
1096
1402
442
523
1878
1224
1900
978
868
1882
539
584
1427
68
997
1964
109
1258
1614
697
1751
1451
51
1107
745
1422
1055
189
115
136
1641
226
1738
936
151
1160
1415
1732
953
1207
1420
1136
314
412
930
1097
1515
1786
1163
764
587
719
1349
904
977
589
1474
1667
1248
1164
1793
1800
592
1587
835
944
759
372
1483
491
286
1366
1895
586
1872
1811
858
744
1827
152
1605
538
1281
959
888
857
766
963
1242
996
1347
305
1154
1639
1570
1298
1079
1297
307
1913
1777
1318
954
1205
1357
1416
1112
1272
398
1144
1294
160
982
298
851
30
1460
532
718
1192
854
1911
1849
572
1712
459
834
668
132
107
1847
598
400
802
521
346
1339
1539
570
514
1202
861
435
96
1050
1484
876
119
826
1029
1098
1017
1618
752
1173
1676
750
1948
1295
1504
1697
309
1899
333
1333
1937
1289
1634
537
1282
1559
456
903
1932
724
781
1204
1027
1707
1607
453
33
544
1994
1595
320
1141
379
1262
1619
525
1586
934
1975
652
54
1960
1198
1257
875
208
1180
1865
154
1352
181
1689
74
770
1832
1611
1340
273
1234
1089
1796
1934
1293
549
901
1137
1095
1626
1103
1809
1958
926
1824
1018
534
653
573
714
619
438
358
179
604
1322
957
1535
61
251
248
1526
1696
1447
1175
274
646
1299
399
916
393
571
1444
1646
56
389
186
885
240
560
87
1822
124
1870
1556
1698
1070
162
266
520
1986
116
297
793
1059
1534
1178
327
819
401
588
1470
1746
1894
10
31
94
161
437
227
1744
676
1398
925
433
1200
947
580
482
474
1216
1219
1518
1354
1940
1134
1946
195
353
1833
562
701
1606
1233
1012
71
1951
47
113
1171
1478
1924
1520
658
1188
466
217
139
1208
422
237
492
820
634
739
902
282
1385
332
1078
1837
536
1268
908
339
1461
1280
1819
1284
1727
1914
824
1701
500
1734
455
675
1949
990
1379
818
803
1844
1501
552
608
1853
101
1142
1346
958
754
1071
1987
140
1836
683
485
1497
1081
1775
623
564
1968
190
1768
1038
336
40
906
137
727
1758
865
201
1238
554
92
1045
956
1613
1622
531
946
311
1905
1316
842
541
715
1454
150
1421
553
1300
1329
833
1725
1453
507
1009
138
688
829
1817
1186
797
1387
1077
736
404
1087
1794
1854
1437
837
1058
945
1731
1046
1285
7
1140
1345
1302
773
231
1652
1170
695
817
1104
624
717
1989
905
253
1
662
1762
1805
1030
895
1264
1172
765
1024
1532
279
1919
1579
27
1998
1311
1411
1874
1904
419
784
1393
427
249
860
1005
731
1116
1753
1410
1369
1199
637
559
1661
1110
303
583
1442
1431
533
496
1728
63
43
1469
1877
1907
1906
8
1145
775
508
568
1522
1992
836
1093
1230
883
244
1688
1982
1274
1432
1368
1644
1617
1722
1419
783
493
911
1974
1263
284
171
547
1448
1287
1980
1488
1073
83
1471
337
1054
786
712
1304
1856
1650
106
1166
1671
1693
513
319
361
772
1169
1842
1241
252
174
1217
951
338
761
1131
613
1690
1740
417
1835
1756
755
1321
1047
146
98
449
1395
563
1338
1251
1147
690
844
460
980
1013
640
488
462
1308
897
1702
1912
1512
1082
363
15
995
478
182
1797
352
821
1567
814
1563
1866
1714
1582
1215
283
1820
726
127
38
1575
853
1323
49
994
528
1668
1783
810
22
928
1101
899
1957
1508
1124
880
914
1396
1513
517
506
1367
99
323
1100
1655
612
364
1818
1412
1941
1376
1799
647
65
1117
290
423
258
601
1232
1053
218
625
654
289
306
367
1887
1362
1664
157
1637
1026
1719
315
1503
1010
735
595
20
1790
1931
153
145
1591
1609
148
822
499
41
450
501
188
1220
1476
1252
1114
206
684
503
620
1185
648
382
670
84
628
799
465
1708
1317
1176
1527
185
917
183
1767
166
738
504
407
629
1528
1109
375
530
728
1355
960
1409
1536
1265
440
512
228
933
1231
649
131
128
816
641
801
921
655
1221
1487
1560
21
55
1552
1962
1335
425
205
644
976
1749
518
1574
602
1111
1590
891
210
1681
325
494
1394
1757
1705
236
331
1860
1201
490
384
81
235
1808
1784
1770
1373
1256
1850
1568
93
220
567
937
1580
1623
1155
605
747
546
167
1159
458
1126
1168
1684
1662
1903
1859
234
698
256
301
778
149
832
80
656
1651
1577
1782
1187
277
1001
1464
1596
1236
481
596
1742
696
693
753
1828
1929
1229
680
1554
548
1631
1801
341
347
272
173
82
1485
133
480
1090
1572
992
1094
1407
1841
1121
776
197
1881
1970
436
879
694
276
1602
1153
671
411
321
37
576
823
1253
666
35
1023
1032
606
1978
1363
213
1008
397
1211
1977
1380
1174
421
202
710
410
774
76
1042
1275
1441
1597
351
943
1812
445
1209
77
1148
17
267
516
1156
1930
324
1892
610
635
156
1774
627
97
434
257
611
1510
120
1713
1292
1351
657
1645
1179
1382
808
1961
1328
1072
457
923
1057
1423
1891
1291
451
1704
1115
873
1388
1036
1443
1971
328
1472
72
299
813
36
461
42
1673
884
1240
428
1044
1495
519
222
529
385
1630
862
703
791
638
48
233
970
1016
659
1438
931
603
1457
1327
558
1344
344
1947
1778
326
342
142
594
705
378
1279
1826
224
550
511
575
1547
1544
29
927
34
170
144
1378
1723
66
1993
1672
1743
1632
1128
1635
187
1763
370
1196
1127
362
1301
470
1647
57
1228
938
678
1254
1610
1276
1106
1102
3
708
1889
730
1665
993
846
1033
409
1135
1167
746
1781
985
114
872
420
1149
1592
1062
264
1657
1049
1516
1814
1680
1755
1604
785
11
1493
1247
1845
1350
551
940
723
1183
1997
704
1052
828
475
1122
1920
1105
408
1578
25
464
1028
345
348
1325
806
1184
1214
1259
1737
1440
631
89
961
60
1500
1002
758
1898
1720
1066
335
1594
221
1041
1359
898
177
767
1511
1381
1588
1439
1902
1123
751
354
1361
848
827
1633
1523
497
983
70
1747
1206
805
1034
1733
1022
1807
1203
581
621
388
1372
1864
1699
1039
1950
1025
1456
1969
1834
681
1521
247
607
1761
1482
1288
380
204
1315
1888
1139
1876
1715
852
44
1897
593
941
1990
448
1386
472
707
477
1132
1015
1955
896
1995
454
1080
59
1486
864
443
1405
780
1804
1923
18
1108
1330
52
45
62
650
1846
209
1935
1210
468
1642
1477
545
912
1425
4
1571
1561
1244
886
798
1711
1829
58
999
192
429
1615
777
1334
967
920
1558
1014
241
522
129
1564
1643
1735
1165
275